-0.0001 -0.0001 -0.3107 -0.0001 0.3097 -0.2543 0.0000 0.2531 -0.0009 -0.0011 0.0013 -0.2540 0.0000 0.2536
0.0002 0.0004 -0.3090 -0.0003 0.3100 -0.2529 -0.0002 0.2547 0.0005 -0.0002 0.0002 -0.2540 -0.0001 0.2534
0.3100 0.3085 0.0007 0.3104 0.6185 -0.0382 0.3087 0.6572 0.3130 0.3115 0.3077 -0.0391 0.3104 0.6567
0.4401 0.4395 0.1300 0.4405 0.7497 0.0318 0.4412 0.8511 0.4417 0.4407 0.4407 0.0287 0.4406 0.8513
0.3095 0.3090 -0.0018 0.3089 0.6202 -0.0394 0.3057 0.6562 0.3097 0.3092 0.3104 -0.0362 0.3100 0.6587
0.2516 0.2515 0.0623 0.4267 0.6832 0.0170 0.4015 0.6708 0.2514 0.2524 0.2526 0.0195 0.4008 0.6718
0.3594 0.3608 0.2152 0.6002 0.8367 0.1530 0.5483 0.7910 0.3606 0.3607 0.3610 0.1511 0.5484 0.7904
0.2513 0.2508 0.0661 0.4254 0.6831 0.0169 0.3622 0.6156 0.2527 0.2512 0.2517 0.0178 0.3628 0.6191
-0.0006 -0.0008 -0.3078 -0.0008 0.3113 -0.2527 -0.0009 0.2558 0.0009 -0.0006 -0.0021 -0.2527 0.0025 0.2552
0.0003 -0.0012 -0.3094 0.0015 0.3097 -0.2523 0.0011 0.2546 0.0001 -0.0002 -0.0012 -0.2540 0.0005 0.2554
0.0007 -0.0000 -0.3104 0.0014 0.3105 -0.2532 0.0003 0.2534 0.0001 -0.0003 0.0013 -0.2538 -0.0017 0.2538
0.2518 0.2519 0.0639 0.4255 0.6848 0.0184 0.3998 0.6703 0.2543 0.2508 0.2525 0.0170 0.4011 0.6656
0.3610 0.3605 0.2165 0.5996 0.8354 0.1515 0.5480 0.7882 0.3610 0.3609 0.3612 0.1513 0.5474 0.7892
0.2507 0.2504 0.0654 0.4261 0.6819 0.0170 0.3634 0.6166 0.2495 0.2524 0.2509 0.0153 0.3615 0.6190