-0.0009 -0.3436 -0.9093 -0.9110 0.9189 -0.9100 -0.9104 0.9101 -0.9048 -0.8705 0.9005 -0.9089 -0.9084 0.9170
0.1507 -0.2188 -0.8102 -0.8139 1.1062 -0.8137 -0.8138 1.1149 -0.8038 -0.7730 1.1095 -0.8109 -0.8132 1.1048
0.3825 -0.0140 -0.6509 -0.6509 1.4321 -0.6509 -0.6509 1.4321 -0.6399 -0.6029 1.4221 -0.6509 -0.6509 1.4321
0.3892 0.0010 -0.6509 -0.6509 1.4321 -0.6509 -0.6509 1.4321 -0.6388 -0.6040 1.4205 -0.6509 -0.6509 1.4321
-0.4019 -0.6829 -1.1717 -1.1717 0.3906 -1.1717 -1.1717 0.3906 -1.1675 -1.1377 0.3846 -1.1717 -1.1717 0.3906
0.3852 -0.0001 -0.6509 -0.6509 1.4321 -0.6509 -0.6509 1.4321 -0.6385 -0.6046 1.4199 -0.6509 -0.6509 1.4321
0.3870 0.0005 -0.6509 -0.6509 1.4321 -0.6509 -0.6509 1.4321 -0.6397 -0.6061 1.4207 -0.6509 -0.6509 1.4321
-0.3887 -0.6960 -1.1717 -1.1717 0.3906 -1.1717 -1.1717 0.3906 -1.1628 -1.1389 0.3838 -1.1717 -1.1717 0.3906
0.3969 -0.0103 -0.6537 -0.6540 1.4293 -0.6541 -0.6538 1.4262 -0.6399 -0.6059 1.4121 -0.6533 -0.6540 1.4267
0.3694 -0.0155 -0.6630 -0.6627 1.4094 -0.6625 -0.6622 1.4102 -0.6540 -0.6207 1.4006 -0.6634 -0.6619 1.4109
-0.3844 -0.6961 -1.1692 -1.1688 0.3946 -1.1686 -1.1688 0.3951 -1.1559 -1.1329 0.3870 -1.1694 -1.1683 0.3976
0.3808 -0.0110 -0.6509 -0.6509 1.4321 -0.6509 -0.6509 1.4321 -0.6415 -0.6013 1.4227 -0.6509 -0.6509 1.4321
0.3788 -0.0019 -0.6509 -0.6509 1.4321 -0.6509 -0.6509 1.4321 -0.6388 -0.6071 1.4186 -0.6509 -0.6509 1.4321
-0.3991 -0.6809 -1.1717 -1.1717 0.3906 -1.1717 -1.1717 0.3906 -1.1637 -1.1400 0.3800 -1.1717 -1.1717 0.3906