-0.0003 -0.0022 -0.3102 -0.0010 0.3072 -0.2564 -0.0024 0.2537 -0.2782 -0.0021 0.2557 -0.2565 -0.0027 0.2521
0.0385 0.0840 -0.2612 0.0528 0.3583 -0.2183 0.0489 0.3073 -0.2497 0.0461 0.3150 -0.2192 0.0493 0.3080
0.3108 0.3090 0.0025 0.3147 0.6210 -0.0389 0.3116 0.6606 -0.0185 0.3088 0.6132 -0.0401 0.3114 0.6608
0.4381 0.4379 0.1291 0.4387 0.7495 0.0244 0.4366 0.8513 0.0771 0.4276 0.7591 0.0244 0.4365 0.8511
0.3107 0.3079 -0.0006 0.3048 0.6168 -0.0413 0.3049 0.6546 -0.0245 0.2999 0.6003 -0.0428 0.3045 0.6524
0.2491 0.2633 0.0610 0.4235 0.6819 0.0109 0.3972 0.6671 -0.0362 0.3806 0.6754 0.0133 0.3958 0.6682
0.3598 0.3792 0.2143 0.5982 0.8337 0.1469 0.5461 0.7892 0.0938 0.5446 0.8375 0.1477 0.5451 0.7882
0.2517 0.2635 0.0617 0.4217 0.6805 0.0137 0.3591 0.6161 -0.0163 0.3842 0.6612 0.0118 0.3578 0.6168
0.2244 0.2435 -0.0096 0.3296 0.6121 -0.0229 0.3485 0.6229 -0.0552 0.3264 0.6051 -0.0213 0.3506 0.6205
0.3771 0.3961 0.1731 0.5271 0.7909 0.1232 0.5344 0.8125 0.0872 0.5067 0.7969 0.1237 0.5347 0.8119
0.3008 0.3142 0.0633 0.3942 0.6780 0.0232 0.3879 0.6772 0.0103 0.3841 0.6698 0.0232 0.3888 0.6727
0.2486 0.2628 0.0607 0.4234 0.6825 0.0103 0.3984 0.6654 -0.0359 0.3821 0.6760 0.0124 0.3961 0.6661
0.3596 0.3789 0.2157 0.5981 0.8330 0.1469 0.5472 0.7896 0.0951 0.5451 0.8373 0.1488 0.5461 0.7903
0.2508 0.2621 0.0622 0.4213 0.6820 0.0098 0.3596 0.6160 -0.0135 0.3831 0.6638 0.0096 0.3585 0.6172