0.0122 -0.0078 0.0033 0.0056 0.0091 -0.3085 0.0148 0.3165 -0.2656 0.0160 0.2502 -0.2928 0.0062 0.3004
-0.0045 -0.0051 0.0031 -0.0066 -0.0171 -0.2933 -0.0113 0.2916 -0.2503 0.0052 0.2491 -0.2743 -0.0066 0.3015
-0.0081 -0.0028 -0.0088 -0.0106 0.0048 -0.3003 0.0061 0.3069 -0.2492 -0.0133 0.2538 -0.2844 0.0080 0.3051
-0.0020 0.0019 -0.0001 -0.0021 -0.0030 -0.3149 0.0027 0.3100 -0.2524 0.0026 0.2616 -0.2894 -0.0055 0.2994
0.0171 -0.0052 -0.0066 -0.0019 -0.0090 -0.3059 -0.0026 0.3019 -0.2557 -0.0008 0.2442 -0.2882 0.0191 0.3083
0.3132 0.3007 0.2927 0.3169 0.3092 0.0080 0.3181 0.6155 -0.0278 0.3062 0.6599 -0.1183 0.2989 0.7456
0.4252 0.4460 0.4266 0.4338 0.4446 0.1278 0.4350 0.7374 0.0219 0.4357 0.8549 0.0067 0.4336 0.8592
0.3122 0.3268 0.3059 0.3114 0.3164 0.0026 0.3183 0.6247 -0.0295 0.3042 0.6591 -0.1245 0.3133 0.7481
0.2709 0.2373 0.2611 0.2408 0.2365 0.0622 0.4202 0.6877 0.0176 0.4099 0.6512 0.0199 0.4113 0.7056
0.3715 0.3659 0.3449 0.3661 0.3547 0.2097 0.5980 0.8300 0.1543 0.5415 0.7922 0.1690 0.5716 0.8060
0.2577 0.2606 0.2585 0.2480 0.2511 0.0657 0.4095 0.6893 0.0106 0.3634 0.6136 -0.0100 0.3680 0.6404
0.3000 0.3009 0.2782 0.2734 0.3044 0.1218 0.4421 0.7421 0.0137 0.3815 0.6963 0.0078 0.4072 0.7421
0.4026 0.4230 0.4306 0.4102 0.4076 0.3113 0.6277 0.9166 0.1591 0.5267 0.8465 0.1753 0.5469 0.8657
0.2958 0.2964 0.2899 0.2910 0.2881 0.1197 0.4347 0.7427 0.0256 0.3528 0.6430 0.0182 0.3667 0.6969