-0.0008 -0.3447 -0.8993 -0.8698 0.9084 -0.9098 -0.9106 0.9103 -0.9140 -0.9104 0.9087 -0.9096 -0.9090 0.9162
0.1522 -0.2194 -0.8014 -0.7719 1.0983 -0.8134 -0.8140 1.1135 -0.8117 -0.8144 1.1190 -0.8120 -0.8135 1.1052
0.3778 -0.0223 -0.6424 -0.6071 1.4135 -0.6542 -0.6532 1.4252 -0.6543 -0.6532 1.4268 -0.6543 -0.6528 1.4276
0.3720 -0.0137 -0.6516 -0.6187 1.4013 -0.6624 -0.6634 1.4061 -0.6623 -0.6620 1.4105 -0.6651 -0.6622 1.4088
-0.3967 -0.6796 -1.1582 -1.1342 0.3881 -1.1686 -1.1691 0.3960 -1.1687 -1.1692 0.3971 -1.1702 -1.1690 0.3961
0.3846 -0.0010 -0.6378 -0.6051 1.4198 -0.6509 -0.6509 1.4321 -0.6509 -0.6509 1.4321 -0.6509 -0.6509 1.4321
0.3876 0.0013 -0.6418 -0.6013 1.4216 -0.6509 -0.6509 1.4321 -0.6509 -0.6509 1.4321 -0.6509 -0.6509 1.4321
-0.3890 -0.6939 -1.1614 -1.1327 0.3823 -1.1717 -1.1717 0.3906 -1.1717 -1.1717 0.3906 -1.1717 -1.1717 0.3906
0.4012 -0.0078 -0.6374 -0.6056 1.4201 -0.6509 -0.6509 1.4321 -0.6509 -0.6509 1.4321 -0.6509 -0.6509 1.4321
0.3867 0.0029 -0.6421 -0.6065 1.4223 -0.6509 -0.6509 1.4321 -0.6509 -0.6509 1.4321 -0.6509 -0.6509 1.4321
-0.3866 -0.7021 -1.1638 -1.1393 0.3807 -1.1717 -1.1717 0.3906 -1.1717 -1.1717 0.3906 -1.1717 -1.1717 0.3906
0.3837 -0.0065 -0.6374 -0.5943 1.4262 -0.6509 -0.6509 1.4321 -0.6509 -0.6509 1.4321 -0.6509 -0.6509 1.4321
0.3812 -0.0007 -0.6434 -0.6060 1.4214 -0.6509 -0.6509 1.4321 -0.6509 -0.6509 1.4321 -0.6509 -0.6509 1.4321
-0.3980 -0.6814 -1.1650 -1.1367 0.3822 -1.1717 -1.1717 0.3906 -1.1717 -1.1717 0.3906 -1.1717 -1.1717 0.3906