-0.0001 0.0001 0.0013 -0.0000 -0.0000 -0.3104 -0.0001 0.3091 -0.2550 -0.0013 0.2543 -0.2541 0.0001 0.2534
0.0003 0.0004 0.0012 -0.0002 0.0000 -0.3092 -0.0001 0.3095 -0.2526 -0.0002 0.2534 -0.2529 -0.0005 0.2535
-0.0001 -0.0004 0.0025 -0.0006 -0.0003 -0.3108 -0.0006 0.3082 -0.2541 -0.0006 0.2544 -0.2557 0.0015 0.2555
-0.0006 0.0007 -0.0001 0.0006 -0.0011 -0.3085 0.0000 0.3091 -0.2523 0.0008 0.2555 -0.2524 -0.0002 0.2537
-0.0007 0.0009 0.0007 0.0008 -0.0015 -0.3101 -0.0002 0.3107 -0.2549 0.0011 0.2524 -0.2541 0.0018 0.2533
0.3095 0.3091 0.3073 0.3094 0.3100 0.0002 0.3097 0.6205 -0.0404 0.3097 0.6611 -0.0372 0.3094 0.6596
0.4396 0.4400 0.4417 0.4407 0.4408 0.1330 0.4394 0.7510 0.0293 0.4399 0.8519 0.0276 0.4410 0.8521
0.3093 0.3101 0.3119 0.3107 0.3106 0.0008 0.3084 0.6193 -0.0388 0.3087 0.6569 -0.0378 0.3103 0.6604
0.2520 0.2506 0.2529 0.2519 0.2520 0.0661 0.4229 0.6832 0.0170 0.4034 0.6654 0.0168 0.3998 0.6673
0.3608 0.3610 0.3611 0.3612 0.3602 0.2172 0.5997 0.8359 0.1527 0.5488 0.7895 0.1517 0.5477 0.7893
0.2528 0.2509 0.2507 0.2516 0.2517 0.0662 0.4260 0.6827 0.0165 0.3626 0.6184 0.0177 0.3618 0.6195
0.2516 0.2530 0.2513 0.2515 0.2532 0.0645 0.4236 0.6848 0.0215 0.4016 0.6684 0.0165 0.4019 0.6656
0.3614 0.3597 0.3607 0.3609 0.3609 0.2161 0.6004 0.8343 0.1513 0.5478 0.7896 0.1518 0.5477 0.7895
0.2504 0.2505 0.2523 0.2509 0.2530 0.0647 0.4260 0.6827 0.0137 0.3621 0.6178 0.0156 0.3617 0.6192