0.0001 -0.0006 -0.2745 -0.0006 0.2526 -0.3078 -0.0022 0.3075 -0.2539 -0.0005 0.2513 -0.2533 0.0008 0.2515
0.0380 0.0841 -0.2501 0.0466 0.3117 -0.2612 0.0499 0.3544 -0.2186 0.0505 0.3044 -0.2185 0.0500 0.3048
0.2283 0.2473 -0.0518 0.3278 0.6073 -0.0078 0.3291 0.6151 -0.0164 0.3534 0.6232 -0.0189 0.3521 0.6230
0.3794 0.4009 0.0908 0.5083 0.7980 0.1748 0.5262 0.7901 0.1267 0.5367 0.8131 0.1264 0.5376 0.8130
0.3024 0.3180 0.0163 0.3859 0.6696 0.0696 0.3989 0.6753 0.0286 0.3943 0.6770 0.0289 0.3962 0.6795
0.3124 0.3130 -0.0147 0.3033 0.6080 0.0014 0.3096 0.6194 -0.0370 0.3106 0.6570 -0.0378 0.3128 0.6588
0.4422 0.4435 0.0811 0.4315 0.7584 0.1304 0.4414 0.7487 0.0276 0.4426 0.8503 0.0293 0.4418 0.8511
0.3111 0.3119 -0.0194 0.3047 0.6058 0.0039 0.3128 0.6190 -0.0381 0.3112 0.6574 -0.0361 0.3120 0.6558
0.2508 0.2689 -0.0305 0.3846 0.6763 0.0656 0.4261 0.6832 0.0188 0.4021 0.6631 0.0182 0.4014 0.6640
0.3614 0.3830 0.0969 0.5480 0.8367 0.2184 0.5994 0.8336 0.1504 0.5467 0.7884 0.1505 0.5462 0.7892
0.2536 0.2674 -0.0097 0.3892 0.6618 0.0661 0.4261 0.6812 0.0181 0.3668 0.6174 0.0185 0.3661 0.6182
0.2521 0.2677 -0.0315 0.3849 0.6741 0.0674 0.4254 0.6833 0.0179 0.4007 0.6649 0.0182 0.4023 0.6637
0.3620 0.3828 0.0967 0.5473 0.8351 0.2165 0.6001 0.8334 0.1507 0.5472 0.7886 0.1494 0.5467 0.7895
0.2541 0.2681 -0.0111 0.3897 0.6605 0.0685 0.4260 0.6813 0.0170 0.3660 0.6162 0.0186 0.3660 0.6174