0.0002 -0.0004 -0.2792 -0.0024 0.2884 -0.3098 -0.0085 0.3144 -0.2380 -0.0067 0.2571 -0.3013 -0.0037 0.2912
0.0002 0.0032 -0.4949 0.0030 0.5014 -0.3271 0.0178 0.3170 -0.2412 0.0018 0.2558 -0.2690 0.0337 0.3485
0.2833 0.4928 0.0017 0.4286 0.7967 0.1360 0.4381 0.7442 0.0518 0.3852 0.7543 0.0333 0.4348 0.7959
0.4090 0.7244 0.1777 0.5722 0.9097 0.2917 0.6240 0.9339 0.2853 0.5913 0.9538 0.2654 0.6199 0.9597
0.2866 0.5001 -0.0036 0.3778 0.7449 0.1249 0.4408 0.7354 0.1290 0.4739 0.8205 0.0780 0.4598 0.8161
0.3114 0.3147 -0.1101 0.3117 0.7449 -0.0040 0.3139 0.6350 -0.0369 0.2991 0.6540 -0.1154 0.2934 0.7579
0.4382 0.4493 0.0105 0.4326 0.8712 0.1220 0.4406 0.7547 0.0303 0.4403 0.8540 -0.0075 0.4449 0.8793
0.3070 0.3074 -0.1204 0.3203 0.7521 0.0099 0.3034 0.6203 -0.0476 0.3061 0.6456 -0.1361 0.2956 0.7556
0.2471 0.2463 -0.1802 0.3578 0.7616 0.0769 0.4322 0.6831 0.0273 0.3955 0.6705 -0.1483 0.3773 0.7443
0.3584 0.3494 -0.0151 0.5066 0.8533 0.2247 0.6064 0.8296 0.1434 0.5485 0.7961 0.0130 0.4972 0.8427
0.2583 0.2415 -0.1100 0.3742 0.6974 0.0699 0.4401 0.6858 0.0197 0.3723 0.6139 -0.1135 0.3559 0.6907
0.2978 0.3087 -0.0817 0.4078 0.7918 0.1225 0.4619 0.7514 0.0395 0.3928 0.7391 -0.0552 0.4161 0.7792
0.4179 0.4426 0.0868 0.5326 0.8846 0.3164 0.6208 0.9446 0.2492 0.6067 0.9445 0.1627 0.5697 0.9300
0.2979 0.3079 -0.0596 0.3863 0.7453 0.1290 0.4457 0.7375 0.1098 0.4799 0.7764 -0.0011 0.4268 0.7840