0.0036 0.0119 -0.9015 -0.9035 0.9071 -0.9117 -0.9115 0.9164 -0.9140 -0.9105 0.9186 -0.9111 -0.9110 0.9109
0.0004 0.3906 -0.6504 0.0244 0.3878 -0.6562 -0.6562 0.3906 -0.6562 -0.6562 0.3906 -0.6562 -0.6562 0.3906
0.3866 -0.6244 -0.6452 -0.4984 1.4202 -0.6535 -0.6530 1.4272 -0.6536 -0.6533 1.4262 -0.6533 -0.6531 1.4279
0.3917 0.0358 -0.6809 -0.4932 1.4186 -0.6897 -0.6897 1.4272 -0.6901 -0.6902 1.4269 -0.6898 -0.6907 1.4266
-0.3935 0.3878 -1.1610 -1.1601 0.3866 -1.1691 -1.1686 0.3963 -1.1686 -1.1691 0.3960 -1.1691 -1.1689 0.3955
0.3922 -0.6301 -0.6405 -0.4960 1.4219 -0.6509 -0.6509 1.4321 -0.6509 -0.6509 1.4321 -0.6509 -0.6509 1.4321
0.3912 -0.6301 -0.6426 -0.4958 1.4196 -0.6509 -0.6509 1.4321 -0.6509 -0.6509 1.4321 -0.6509 -0.6509 1.4321
-0.3982 0.3906 -1.1644 -1.1644 0.3820 -1.1717 -1.1717 0.3906 -1.1717 -1.1717 0.3906 -1.1717 -1.1717 0.3906
0.4012 -0.6301 -0.6403 -0.4945 1.4196 -0.6509 -0.6509 1.4321 -0.6509 -0.6509 1.4321 -0.6509 -0.6509 1.4321
0.3872 -0.6301 -0.6416 -0.4941 1.4219 -0.6509 -0.6509 1.4321 -0.6509 -0.6509 1.4321 -0.6509 -0.6509 1.4321
-0.4015 0.3906 -1.1630 -1.1639 0.3824 -1.1717 -1.1717 0.3906 -1.1717 -1.1717 0.3906 -1.1717 -1.1717 0.3906
0.3895 -0.6301 -0.6416 -0.4953 1.4217 -0.6509 -0.6509 1.4321 -0.6509 -0.6509 1.4321 -0.6509 -0.6509 1.4321
0.3891 -0.6301 -0.6422 -0.4920 1.4208 -0.6509 -0.6509 1.4321 -0.6509 -0.6509 1.4321 -0.6509 -0.6509 1.4321
-0.3899 0.3906 -1.1655 -1.1634 0.3832 -1.1717 -1.1717 0.3906 -1.1717 -1.1717 0.3906 -1.1717 -1.1717 0.3906