0.0055 0.0034 0.0021 0.0014 0.0041 0.0021 0.0015 0.0041 0.0024 0.0025 0.0044 0.0020 0.0014 0.0041
0.0039 0.0047 0.0019 0.0014 0.0040 0.0018 0.0014 0.0037 0.0021 0.0022 0.0040 0.0019 0.0014 0.0038
0.0082 0.0075 0.0000 0.0000 0.0000 0.0000 0.0000 0.0000 0.0023 0.0035 0.0022 0.0000 0.0000 0.0000
0.0058 0.0055 0.0000 0.0000 0.0000 0.0000 0.0000 0.0000 0.0017 0.0026 0.0017 0.0000 0.0000 0.0000
0.0062 0.0060 0.0000 0.0000 0.0000 0.0000 0.0000 0.0000 0.0012 0.0025 0.0016 0.0000 0.0000 0.0000
0.0082 0.0074 0.0000 0.0000 0.0000 0.0000 0.0000 0.0000 0.0032 0.0037 0.0024 0.0000 0.0000 0.0000
0.0059 0.0055 0.0000 0.0000 0.0000 0.0000 0.0000 0.0000 0.0018 0.0024 0.0016 0.0000 0.0000 0.0000
0.0061 0.0055 0.0000 0.0000 0.0000 0.0000 0.0000 0.0000 0.0018 0.0025 0.0016 0.0000 0.0000 0.0000
0.0089 0.0079 0.0006 0.0004 0.0008 0.0008 0.0004 0.0012 0.0038 0.0034 0.0037 0.0005 0.0004 0.0012
0.0062 0.0053 0.0009 0.0007 0.0016 0.0009 0.0006 0.0017 0.0016 0.0034 0.0023 0.0010 0.0006 0.0018
0.0064 0.0059 0.0005 0.0004 0.0011 0.0006 0.0004 0.0011 0.0032 0.0028 0.0031 0.0006 0.0005 0.0013
0.0081 0.0077 0.0000 0.0000 0.0000 0.0000 0.0000 0.0000 0.0022 0.0039 0.0022 0.0000 0.0000 0.0000
0.0055 0.0055 0.0000 0.0000 0.0000 0.0000 0.0000 0.0000 0.0017 0.0024 0.0019 0.0000 0.0000 0.0000
0.0061 0.0056 0.0000 0.0000 0.0000 0.0000 0.0000 0.0000 0.0019 0.0026 0.0020 0.0000 0.0000 0.0000