0.0099 0.0049 0.0027 0.0027 0.0054 0.0026 0.0024 0.0056 0.0030 0.0034 0.0048 0.0028 0.0025 0.0052
0.0050 0.0000 0.0000 0.0000 0.0000 0.0000 0.0000 0.0000 0.0005 0.0008 0.0003 0.0000 0.0000 0.0000
0.0106 0.0000 0.0000 0.0000 0.0000 0.0000 0.0000 0.0000 0.0010 0.0010 0.0010 0.0000 0.0000 0.0000
0.0108 0.0000 0.0000 0.0000 0.0000 0.0000 0.0000 0.0000 0.0010 0.0010 0.0010 0.0000 0.0000 0.0000
0.0081 0.0000 0.0000 0.0000 0.0000 0.0000 0.0000 0.0000 0.0008 0.0008 0.0008 0.0000 0.0000 0.0000
0.0102 0.0000 0.0000 0.0000 0.0000 0.0000 0.0000 0.0000 0.0010 0.0010 0.0010 0.0000 0.0000 0.0000
0.0094 0.0000 0.0000 0.0000 0.0000 0.0000 0.0000 0.0000 0.0010 0.0010 0.0010 0.0000 0.0000 0.0000
0.0084 0.0000 0.0000 0.0000 0.0000 0.0000 0.0000 0.0000 0.0008 0.0008 0.0008 0.0000 0.0000 0.0000
0.0107 0.0005 0.0003 0.0003 0.0005 0.0003 0.0003 0.0005 0.0010 0.0010 0.0011 0.0003 0.0003 0.0005
0.0111 0.0005 0.0003 0.0003 0.0005 0.0003 0.0003 0.0005 0.0010 0.0036 0.0010 0.0003 0.0003 0.0005
0.0071 0.0003 0.0003 0.0003 0.0005 0.0003 0.0003 0.0005 0.0011 0.0010 0.0010 0.0003 0.0003 0.0005
0.0113 0.0000 0.0000 0.0000 0.0000 0.0000 0.0000 0.0000 0.0010 0.0010 0.0010 0.0000 0.0000 0.0000
0.0099 0.0000 0.0000 0.0000 0.0000 0.0000 0.0000 0.0000 0.0010 0.0010 0.0010 0.0000 0.0000 0.0000
0.0078 0.0000 0.0000 0.0000 0.0000 0.0000 0.0000 0.0000 0.0008 0.0008 0.0008 0.0000 0.0000 0.0000